rows,cols
12,12
data
 88.0  87.0  86.0  88.0  88.0  89.0  90.0  90.0  90.0  91.0  91.0  90.0  88.0 
 88.0  88.0  87.0  88.0  88.0  89.0  89.0  89.0  90.0  91.0  91.0  90.0  89.0 
 87.0  88.0  89.0  88.0  89.0  90.0  90.0  89.0  89.0  89.0  89.0  88.0  91.0 
 87.0  89.0  90.0  88.0  88.0  89.0  90.0  89.0  90.0  90.0  90.0  89.0  90.0 
 87.0  90.0  92.0  89.0  87.0  88.0  89.0  89.0  90.0  91.0  92.0  91.0  89.0 
 88.0  90.0  93.0  89.0  88.0  89.0  89.0  89.0  89.0  90.0  90.0  89.0  91.0 
 90.0  90.0  90.0  91.0  89.0  89.0  89.0  89.0  89.0  89.0  90.0  91.0  90.0 
 89.0  89.0  89.0  90.0  89.0  89.0  89.0  89.0  89.0  89.0  90.0  91.0  90.0 
 90.0  89.0  90.0  90.0  89.0  89.0  90.0  89.0  89.0  90.0  90.0  91.0  91.0 
 89.0  90.0  90.0  90.0  90.0  90.0  90.0  90.0  90.0  90.0  91.0  92.0  91.0 
 88.0  89.0  89.0  89.0  90.0  90.0  90.0  90.0  90.0  91.0  91.0  92.0  91.0 
 89.0  90.0  90.0  90.0  89.0  90.0  90.0  90.0  90.0  90.0  91.0  91.0  91.0 
 90.0  90.0  91.0  91.0  89.0  90.0  90.0  90.0  90.0  90.0  91.0  91.0  90.0 