rows,cols
13,13
data
140.0 170.0 170.0 161.0 170.0 165.0 163.0 163.0 151.0 146.0 145.0 147.0 144.0 
139.0 147.0 168.0 170.0 165.0 173.0 172.0 171.0 160.0 147.0 146.0 148.0 145.0 
135.0 142.0 155.0 162.0 169.0 172.0 172.0 172.0 167.0 151.0 147.0 148.0 151.0 
132.0 144.0 152.0 166.0 175.0 172.0 168.0 172.0 169.0 159.0 148.0 148.0 149.0 
138.0  95.0 136.0 171.0 174.0 175.0 171.0 174.0 170.0 166.0 151.0 145.0 140.0 
139.0  42.0 111.0 166.0 177.0 175.0 177.0 175.0 170.0 168.0 158.0 146.0 136.0 
115.0   1.0  93.0 149.0 167.0 181.0 179.0 175.0 172.0 170.0 166.0 150.0 141.0 
 69.0   1.0 117.0 149.0 145.0 169.0 176.0 175.0 176.0 170.0 166.0 146.0 139.0 
 11.0  19.0 121.0 151.0 149.0 151.0 172.0 176.0 176.0 171.0 164.0 145.0 133.0 
 28.0  26.0  74.0 131.0 150.0 145.0 169.0 176.0 173.0 174.0 166.0 153.0 136.0 
 27.0  33.0  10.0  93.0 146.0 146.0 154.0 180.0 173.0 173.0 167.0 146.0 143.0 
 27.0  30.0   7.0  67.0 146.0 148.0 149.0 177.0 173.0 170.0 166.0 150.0 147.0 
 25.0  30.0  25.0  49.0 133.0 142.0 148.0 177.0 177.0 168.0 164.0 153.0 150.0 