rows,cols
41,41
data
148.0 163.0 170.0 161.0 156.0 155.0 148.0 156.0 153.0 155.0 163.0 106.0   2.0  77.0  95.0  93.0  90.0  92.0  90.0  87.0  68.0  19.0  20.0  26.0  44.0  48.0  47.0  56.0  49.0  23.0  50.0  75.0  46.0  30.0  27.0 120.0 170.0 173.0 176.0 174.0 168.0 
161.0 171.0 173.0 164.0 158.0 162.0 148.0 153.0 154.0 160.0 151.0  54.0  20.0  67.0  96.0  94.0  91.0  85.0  92.0  84.0  35.0  24.0  22.0  32.0  49.0  55.0  53.0  58.0  34.0  56.0  92.0 100.0  95.0  79.0  46.0  82.0 128.0 141.0 155.0 166.0 174.0 
166.0 174.0 174.0 169.0 163.0 161.0 156.0 149.0 154.0 164.0 117.0   3.0  39.0  41.0  79.0  92.0  93.0  93.0  96.0  69.0  23.0  29.0  16.0  38.0  58.0  62.0  59.0  60.0  41.0  86.0  98.0 101.0 104.0 102.0  70.0  92.0 138.0 142.0 142.0 144.0 151.0 
174.0 178.0 177.0 175.0 173.0 147.0 148.0 152.0 155.0 162.0 110.0   0.0  42.0  32.0  36.0  68.0  91.0  90.0  91.0  52.0  18.0  30.0  23.0  45.0  57.0  63.0  59.0  43.0  60.0  97.0  95.0  99.0  97.0  99.0 101.0 136.0 141.0 142.0 144.0 146.0 145.0 
176.0 175.0 170.0 168.0 152.0 147.0 145.0 152.0 148.0 157.0 127.0   0.0  24.0  39.0  20.0  35.0  84.0  94.0  87.0  35.0  30.0  23.0  30.0  60.0  66.0  67.0  65.0  39.0  75.0  98.0 104.0  99.0 101.0  97.0 132.0 154.0 143.0 136.0 138.0 143.0 144.0 
164.0 160.0 157.0 154.0 152.0 139.0 129.0 145.0 155.0 154.0 152.0 110.0  50.0  25.0  35.0  22.0  63.0  86.0  61.0  25.0  31.0  29.0  55.0  82.0  83.0  83.0  81.0  44.0  83.0  96.0  98.0  97.0  97.0 106.0 141.0 147.0 154.0 146.0 144.0 142.0 140.0 
153.0 151.0 151.0 148.0 146.0 138.0 131.0 130.0 148.0 151.0 150.0 161.0  89.0  13.0  37.0  26.0  36.0  46.0  24.0  30.0  34.0  71.0 100.0 102.0  93.0  97.0  91.0  37.0  76.0  96.0  91.0 101.0 100.0 122.0 136.0 136.0 147.0 151.0 152.0 151.0 152.0 
151.0 150.0 150.0 144.0 142.0 138.0 131.0 123.0 131.0 146.0 153.0 139.0  58.0  31.0  37.0  32.0  28.0  32.0  29.0  36.0  94.0 113.0 109.0 111.0 110.0 104.0  89.0  40.0  65.0  97.0  97.0  98.0 107.0 129.0 133.0 128.0 136.0 149.0 151.0 150.0 158.0 
150.0 148.0 148.0 136.0 140.0 133.0 132.0 115.0 106.0 123.0 133.0  90.0  49.0  38.0  37.0  34.0  34.0   8.0  18.0  96.0 127.0 128.0 117.0 119.0 118.0 117.0 111.0  77.0  36.0  90.0  96.0  99.0 118.0 124.0 131.0 131.0 140.0 143.0 148.0 155.0 158.0 
146.0 139.0 136.0 144.0 133.0 134.0 125.0 111.0 108.0 109.0 121.0 118.0 110.0  90.0  43.0  26.0  30.0  94.0 128.0 133.0 126.0 138.0 142.0 139.0 130.0 125.0 132.0 134.0  75.0  74.0 110.0 117.0 127.0 126.0 134.0 132.0 137.0 144.0 151.0 156.0 159.0 
140.0 144.0 142.0 134.0 134.0 139.0 116.0  98.0 103.0 108.0 121.0 129.0 126.0 121.0 102.0  71.0 123.0 159.0 156.0 142.0 139.0 139.0 140.0 144.0 147.0 145.0 146.0 155.0 106.0  90.0 124.0 121.0 130.0 130.0 133.0 138.0 139.0 149.0 156.0 158.0 160.0 
150.0 146.0 142.0 141.0 139.0 133.0 103.0  90.0  95.0 114.0 129.0 125.0 128.0 130.0 124.0 139.0 172.0 164.0 157.0 154.0 148.0 143.0 139.0 144.0 151.0 151.0 154.0 156.0 114.0 118.0 123.0 120.0 132.0 137.0 134.0 140.0 142.0 150.0 156.0 157.0 160.0 
160.0 148.0 142.0 138.0 139.0 116.0  85.0  92.0  98.0 114.0 131.0 130.0 131.0 130.0 133.0 172.0 171.0 170.0 164.0 153.0 148.0 148.0 140.0 143.0 143.0 147.0 159.0 149.0 114.0 119.0 122.0 134.0 137.0 140.0 136.0 135.0 143.0 148.0 154.0 158.0 161.0 
146.0 152.0 139.0 136.0 137.0 106.0  70.0  94.0 110.0 120.0 129.0 133.0 134.0 129.0 149.0 167.0 172.0 169.0 162.0 157.0 154.0 151.0 138.0 140.0 142.0 147.0 152.0 125.0 114.0 122.0 137.0 139.0 137.0 136.0 135.0 139.0 147.0 150.0 156.0 162.0 165.0 
144.0 150.0 142.0 137.0 136.0  97.0  59.0  97.0 117.0 126.0 131.0 132.0 129.0 130.0 140.0 170.0 170.0 161.0 170.0 165.0 163.0 163.0 151.0 146.0 145.0 147.0 144.0 123.0 123.0 135.0 143.0 132.0 132.0 133.0 136.0 148.0 151.0 153.0 159.0 165.0 167.0 
142.0 150.0 144.0 134.0 134.0  84.0  52.0 105.0 118.0 122.0 131.0 135.0 134.0 135.0 139.0 147.0 168.0 170.0 165.0 173.0 172.0 171.0 160.0 147.0 146.0 148.0 145.0 140.0 137.0 137.0 130.0 130.0 132.0 135.0 143.0 150.0 149.0 152.0 158.0 163.0 166.0 
150.0 151.0 138.0 136.0 133.0  71.0  38.0  83.0 109.0 118.0 132.0 135.0 131.0 135.0 135.0 142.0 155.0 162.0 169.0 172.0 172.0 172.0 167.0 151.0 147.0 148.0 151.0 142.0 137.0 137.0 137.0 138.0 141.0 145.0 149.0 150.0 146.0 153.0 158.0 161.0 168.0 
150.0 146.0 133.0 140.0 134.0  60.0  44.0  34.0  64.0 113.0 127.0 135.0 136.0 135.0 132.0 144.0 152.0 166.0 175.0 172.0 168.0 172.0 169.0 159.0 148.0 148.0 149.0 146.0 144.0 144.0 143.0 142.0 141.0 140.0 139.0 139.0 150.0 148.0 152.0 160.0 162.0 
149.0 144.0 134.0 141.0 121.0  38.0  48.0  42.0  52.0  98.0 120.0 129.0 140.0 135.0 138.0  95.0 136.0 171.0 174.0 175.0 171.0 174.0 170.0 166.0 151.0 145.0 140.0 141.0 136.0 134.0 134.0 134.0 134.0 135.0 138.0 142.0 140.0 151.0 151.0 156.0 140.0 
144.0 145.0 140.0 139.0 132.0  60.0  34.0  53.0  44.0  58.0  93.0 109.0 135.0 140.0 139.0  42.0 111.0 166.0 177.0 175.0 177.0 175.0 170.0 168.0 158.0 146.0 136.0 137.0 135.0 133.0 132.0 133.0 134.0 136.0 140.0 144.0 144.0 146.0 147.0 156.0 115.0 
138.0 141.0 141.0 138.0 143.0 118.0  51.0  46.0  47.0  41.0  52.0  55.0  85.0 152.0 115.0   1.0  93.0 149.0 167.0 181.0 179.0 175.0 172.0 170.0 166.0 150.0 141.0 143.0 135.0 136.0 138.0 140.0 141.0 140.0 140.0 141.0 145.0 150.0 150.0 141.0 110.0 
136.0 135.0 135.0 135.0 144.0 152.0  90.0  37.0  50.0  51.0  42.0  34.0  52.0 101.0  69.0   1.0 117.0 149.0 145.0 169.0 176.0 175.0 176.0 170.0 166.0 146.0 139.0 141.0 135.0 140.0 143.0 145.0 145.0 146.0 145.0 144.0 148.0 143.0 156.0 128.0 101.0 
134.0 132.0 129.0 132.0 133.0 150.0 107.0  43.0  55.0  51.0  40.0  31.0  25.0   1.0  11.0  19.0 121.0 151.0 149.0 151.0 172.0 176.0 176.0 171.0 164.0 145.0 133.0 135.0 145.0 152.0 156.0 154.0 151.0 151.0 150.0 147.0 149.0 148.0 141.0 107.0 118.0 
129.0 130.0 128.0 130.0 138.0 159.0 100.0  41.0  57.0  36.0  26.0  25.0  24.0  28.0  28.0  26.0  74.0 131.0 150.0 145.0 169.0 176.0 173.0 174.0 166.0 153.0 136.0 136.0 144.0 157.0 165.0 162.0 157.0 155.0 151.0 146.0 148.0 150.0 129.0 110.0 137.0 
124.0 127.0 124.0 135.0 144.0 142.0  72.0  52.0  47.0  27.0  28.0  27.0  25.0  28.0  27.0  33.0  10.0  93.0 146.0 146.0 154.0 180.0 173.0 173.0 167.0 146.0 143.0 145.0 150.0 157.0 164.0 164.0 164.0 156.0 152.0 147.0 152.0 139.0 124.0 126.0 133.0 
116.0 126.0 131.0 135.0 127.0  88.0  54.0  51.0  31.0  36.0  35.0  32.0  27.0  25.0  27.0  30.0   7.0  67.0 146.0 148.0 149.0 177.0 173.0 170.0 166.0 150.0 147.0 146.0 157.0 161.0 162.0 165.0 166.0 156.0 150.0 149.0 147.0 135.0 125.0 129.0 139.0 
142.0 138.0 127.0 113.0  67.0  40.0  51.0  45.0  38.0  33.0  35.0  29.0  27.0  28.0  25.0  30.0  25.0  49.0 133.0 142.0 148.0 177.0 177.0 168.0 164.0 153.0 150.0 146.0 148.0 161.0 163.0 163.0 159.0 156.0 151.0 144.0 143.0 133.0 128.0 135.0 147.0 
206.0 197.0 180.0 160.0 149.0 124.0  93.0  43.0  32.0  47.0  30.0  35.0  29.0  29.0  23.0  29.0  28.0  43.0 130.0 150.0 146.0 174.0 179.0 168.0 162.0 152.0 148.0 146.0 142.0 151.0 154.0 164.0 158.0 157.0 154.0 147.0 140.0 133.0 132.0 139.0 152.0 
199.0 181.0 178.0 176.0 172.0 165.0 159.0 122.0  34.0   1.0  43.0  35.0  35.0  34.0  38.0  41.0  21.0  52.0 130.0 142.0 138.0 164.0 178.0 168.0 163.0 150.0 146.0 146.0 143.0 130.0 125.0 153.0 152.0 151.0 149.0 145.0 134.0 131.0 133.0 142.0 157.0 
180.0 171.0 167.0 156.0 150.0 152.0 154.0 178.0 171.0 118.0   1.0  19.0   1.0   2.0   1.0   1.0   4.0  67.0 128.0 135.0 133.0 157.0 177.0 169.0 165.0 151.0 144.0 145.0 135.0  75.0  42.0 111.0 152.0 157.0 142.0 138.0 128.0 130.0 137.0 149.0 164.0 
163.0 161.0 160.0 153.0 151.0 143.0 154.0 205.0 222.0 216.0 155.0  49.0  97.0 146.0 175.0 177.0 162.0 159.0 149.0 137.0 131.0 152.0 176.0 166.0 164.0 152.0 144.0 143.0 142.0 106.0  37.0  47.0  90.0 144.0 148.0 135.0 126.0 131.0 143.0 156.0 168.0 
174.0 160.0 153.0 151.0 145.0 144.0 172.0 198.0 221.0 221.0 216.0 200.0 207.0 220.0 224.0 223.0 225.0 218.0 200.0 178.0 129.0 148.0 171.0 159.0 159.0 151.0 145.0 144.0 154.0 137.0  58.0  51.0  97.0 154.0 146.0 126.0 126.0 132.0 147.0 160.0 168.0 
159.0 158.0 152.0 153.0 152.0 151.0 178.0 207.0 217.0 221.0 218.0 222.0 223.0 214.0 217.0 214.0 216.0 218.0 216.0 206.0 173.0 148.0 164.0 158.0 158.0 146.0 146.0 144.0 155.0 127.0  55.0  66.0 135.0 160.0 144.0 122.0 125.0 141.0 151.0 153.0 170.0 
157.0 153.0 149.0 157.0 159.0 176.0 198.0 215.0 220.0 217.0 218.0 225.0 220.0 218.0 215.0 215.0 218.0 215.0 207.0 213.0 194.0 162.0 164.0 158.0 156.0 148.0 144.0 145.0 158.0 118.0  55.0  95.0 160.0 164.0 136.0 122.0 133.0 147.0 150.0 157.0 168.0 
157.0 150.0 151.0 162.0 176.0 195.0 210.0 216.0 214.0 211.0 218.0 222.0 220.0 221.0 208.0 219.0 222.0 207.0 214.0 220.0 208.0 176.0 164.0 158.0 152.0 148.0 142.0 148.0 149.0  98.0  68.0 146.0 170.0 162.0 141.0 116.0 142.0 147.0 142.0 159.0 168.0 
148.0 147.0 160.0 169.0 172.0 182.0 203.0 211.0 210.0 211.0 217.0 215.0 213.0 215.0 210.0 207.0 208.0 210.0 228.0 217.0 204.0 179.0 166.0 157.0 149.0 146.0 143.0 152.0 143.0  89.0 137.0 171.0 166.0 149.0 144.0 128.0 139.0 152.0 154.0 145.0 168.0 
148.0 166.0 185.0 190.0 165.0 166.0 188.0 195.0 203.0 199.0 190.0 191.0 181.0 187.0 206.0 207.0 207.0 215.0 214.0 208.0 198.0 178.0 167.0 157.0 150.0 147.0 147.0 153.0 147.0 138.0 167.0 178.0 161.0 144.0 142.0 138.0 149.0 140.0 151.0 149.0 157.0 
160.0 187.0 198.0 198.0 174.0 141.0 135.0 137.0 170.0 175.0 141.0 123.0 116.0 147.0 165.0 194.0 206.0 208.0 209.0 209.0 200.0 177.0 163.0 157.0 151.0 150.0 149.0 150.0 149.0 157.0 178.0 160.0 159.0 146.0 137.0 140.0 138.0 145.0 148.0 154.0 156.0 
186.0 203.0 209.0 204.0 165.0 125.0 116.0 111.0 130.0 141.0 122.0  94.0  80.0 115.0 137.0 170.0 199.0 201.0 212.0 202.0 203.0 175.0 157.0 160.0 149.0 150.0 147.0 148.0 138.0 161.0 168.0 158.0 138.0 141.0 141.0 141.0 145.0 141.0 146.0 148.0 160.0 
200.0 204.0 215.0 210.0 155.0 112.0 117.0 116.0 115.0 127.0 120.0  67.0  19.0  17.0  90.0 146.0 202.0 197.0 198.0 204.0 202.0 172.0 152.0 164.0 146.0 148.0 143.0 147.0 151.0 155.0 168.0 140.0 133.0 149.0 143.0 140.0 144.0 145.0 147.0 154.0 159.0 
202.0 213.0 216.0 202.0 146.0 110.0 111.0 111.0 116.0 126.0 111.0  73.0  43.0  50.0  78.0 112.0 184.0 197.0 199.0 192.0 197.0 175.0 150.0 159.0 150.0 141.0 146.0 142.0 122.0 151.0 149.0 122.0 148.0 149.0 147.0 143.0 142.0 142.0 145.0 149.0 155.0 