# x y cim 
  0 155  66  222.5
  1 119  79  200.0
  2 131  62  189.8
  3 120 155  158.0
  4 104 151  118.5
  5 111  87  101.3
  6 133 206   95.2
  7 119  71   93.0
  8 137  27   91.1
  9 138 162   80.0
 10 148  65   76.8
 11 131 100   76.2
 12 124 111   73.1
 13  77  73   71.7
 14  80 107   65.6
 15 131  66   65.3
 16 104 115   57.1
 17 115  48   54.0
 18  72  52   46.8
 19 137 191   46.8
 20 106 192   45.6
 21 107 140   45.2
 22 153 156   39.1
 23 143 142   39.0
 24 160  82   37.8
 25 122 175   37.6
 26 145 192   35.8
 27  73  80   35.2
 28 152  68   34.4
 29 137 179   34.2
 30 133 148   31.7
 31 112  68   31.4
 32 143 203   31.3
 33 102 101   30.1
 34 153 123   30.1
 35  69 190   29.6
 36 164  65   29.6
 37  96 134   28.9
 38 139 152   28.8
 39 168  40   26.6
 40 191  20   25.3
 41 101 118   24.4
 42 136 145   23.2
 43 104 130   22.7
 44 142 137   22.6
 45 118  61   21.9
 46 138  68   21.9
 47 120  66   21.6
 48 155 103   21.5
 49 165  70   21.2
 50 107  95   20.1
 51 183  21   19.8
 52 147 205   18.9
 53 164 206   18.7
 54  99  39   18.1
 55 157 113   17.7
 56 143  33   17.6
 57 149  24   17.2
 58  93 136   17.2
 59 135 175   17.1
 60 138 186   16.9
 61 116 174   16.8
 62  90 139   16.6
 63 109 114   16.4
 64   9 243   15.5
 65 146 134   15.0
 66  74 103   14.6
 67 129 111   14.5
 68 196  23   13.8
 69  87  68   13.7
 70 131 169   13.2
 71 138  46   12.8
 72 158  34   12.2
 73 168 130   11.8
 74 123 205   11.6
 75 195  18   11.5
 76 115  72   11.1
