rows,cols
11,11
data
216  214  211  218  222  220  221  208  219  222  207  
211  210  211  217  215  213  215  210  207  208  210  
195  203  199  190  191  181  187  206  207  207  215  
137  170  175  141  123  116  147  165  194  206  208  
111  130  141  122   94   80  115  137  170  199  201  
116  115  127  120   67   19   17   90  146  202  197  
111  116  126  111   73   43   50   78  112  184  197  
116  113  120  120  104   89   90   95  113  153  181  
114  114  118  122  121  115  107  112  120  130  150  
108  111  115  115  119  110  103  114  120  120  143  
110  107  110  114  118  110  108  106  106  121  168