Mat: 
216 214 211 218 222 220 221 208 219 222 207  
 211 210 211 217 215 213 215 210 207 208 210  
 195 203 199 190 191 181 187 206 207 207 215  
 137 170 175 141 123 116 147 165 194 206 208  
 111 130 141 122  94  80 115 137 170 199 201  
 116 115 127 120  67  19  17  90 146 202 197  
 111 116 126 111  73  43  50  78 112 184 197  
 116 113 120 120 104  89  90  95 113 153 181  
 114 114 118 122 121 115 107 112 120 130 150  
 108 111 115 115 119 110 103 114 120 120 143  
 110 107 110 114 118 110 108 106 106 121 168  
 
 Mat: blur0
214 213 211 217 219 218 218 210 215 217 210  
 209 209 210 213 212 210 212 209 208 209 210  
 192 198 196 188 185 179 186 200 205 207 212  
 146 166 170 145 128 123 146 167 191 204 207  
 118 131 139 122  95  82 107 135 169 196 201  
 115 117 126 115  71  32  37  92 145 193 197  
 112 116 123 110  76  49  53  81 119 176 192  
 114 114 119 117 102  88  88  96 115 152 173  
 113 114 117 120 118 111 106 110 119 132 148  
 109 111 114 115 117 110 105 112 118 123 141  
 109 108 111 114 116 110 107 107 110 123 153  
 
 Mat: blur1
193 193 192 191 190 191 193 196 200 203 204  
 189 189 187 186 185 185 188 192 197 200 202  
 177 176 174 172 170 170 174 180 188 193 195  
 160 159 157 153 149 150 154 164 174 183 186  
 144 142 139 134 129 129 134 146 159 170 174  
 130 129 125 119 114 113 119 130 145 157 161  
 121 120 117 112 107 105 110 120 134 145 150  
 116 116 113 109 105 104 107 115 127 136 140  
 114 114 112 110 107 106 108 114 123 130 133  
 113 113 112 111 109 108 110 114 121 127 129  
 113 113 112 111 110 109 111 115 120 125 127  
 
 Mat: blur2
168 168 168 168 168 170 172 174 177 179 179  
 166 166 166 166 167 168 170 173 175 177 178  
 161 161 160 161 161 163 165 168 170 172 173  
 153 153 153 153 154 155 157 160 163 165 166  
 144 144 144 144 145 146 149 152 155 157 158  
 135 135 135 135 136 137 140 143 146 148 149  
 128 128 128 128 128 130 132 135 138 140 141  
 122 122 122 122 122 124 126 129 132 134 135  
 118 118 118 118 118 120 122 124 127 129 130  
 116 116 115 115 116 117 119 122 124 126 127  
 115 115 115 115 115 116 118 121 123 125 126  
 
 Mat: blur3
152 152 152 153 154 155 155 156 157 157 158  
 151 151 152 152 153 154 155 156 156 157 157  
 150 150 150 151 151 152 153 154 155 155 155  
 147 147 147 148 149 149 150 151 152 152 152  
 143 143 144 144 145 146 147 148 148 149 149  
 140 140 140 141 141 142 143 144 145 145 145  
 136 136 136 137 138 139 139 140 141 141 142  
 133 133 133 134 134 135 136 137 138 138 138  
 130 130 130 131 132 133 133 134 135 135 136  
 128 128 129 129 130 131 132 133 133 134 134  
 128 128 128 129 130 130 131 132 133 133 133  
 
 Mat: blur4
144 144 144 145 145 145 145 145 145 145 146  
 144 144 144 144 145 145 145 145 145 145 145  
 144 144 144 144 144 144 145 145 145 145 145  
 143 143 143 144 144 144 144 144 144 144 144  
 143 143 143 143 143 143 143 144 144 144 144  
 142 142 142 142 142 142 143 143 143 143 143  
 141 141 141 141 141 142 142 142 142 142 142  
 140 140 141 141 141 141 141 141 141 142 142  
 140 140 140 140 140 140 141 141 141 141 141  
 139 140 140 140 140 140 140 140 141 141 141  
 139 139 139 140 140 140 140 140 140 140 141  
 
 Mat: dog0
-20 -19 -19 -25 -29 -27 -25 -13 -15 -14  -5  
 -20 -20 -22 -27 -27 -25 -23 -17 -11  -8  -7  
 -15 -22 -22 -16 -15  -8 -12 -19 -17 -13 -16  
  14  -6 -13   7  21  26   8  -3 -16 -21 -21  
  25  11   0  11  34  46  27  10  -9 -26 -26  
  15  11   0   4  43  80  81  38   0 -36 -35  
   8   4  -5   1  30  56  56  39  15 -30 -42  
   2   1  -5  -7   3  15  19  19  11 -15 -33  
   1   0  -4 -10 -10  -5   2   3   3  -1 -14  
   4   2  -1  -4  -8  -1   4   2   3   3 -11  
   4   4   1  -2  -6   0   3   7  10   1 -25  
 
 Mat: dog1
-25 -25 -24 -23 -21 -20 -20 -21 -22 -24 -24  
 -23 -22 -21 -19 -18 -17 -17 -19 -21 -23 -23  
 -16 -15 -13 -11  -8  -7  -8 -12 -17 -20 -22  
  -7  -6  -3   0   4   5   3  -3 -10 -17 -19  
   0   1   5  10  15  17  14   6  -4 -12 -16  
   5   6  10  15  21  24  21  12   1  -8 -12  
   6   7  10  16  21  24  22  14   4  -5  -8  
   5   6   8  12  17  20  19  13   5  -2  -5  
   3   4   5   7  11  13  13  10   4  -1  -3  
   2   2   3   4   6   8   9   7   3   0  -2  
   2   1   2   3   5   7   7   6   3   0  -1  
 
 Mat: 
-15 -15 -15 -14 -14 -15 -16 -18 -19 -21 -21  
 -14 -14 -13 -13 -13 -14 -15 -17 -18 -20 -20  
 -11 -10 -10  -9  -9 -10 -11 -13 -15 -17 -17  
  -6  -5  -5  -5  -4  -5  -7  -9 -11 -12 -13  
   0   0   0   0   0   0  -1  -4  -6  -7  -8  
   4   4   4   5   5   4   3   0  -1  -3  -3  
   7   8   8   9   9   8   7   5   2   1   0  
  10  10  11  11  12  11  10   8   5   4   3  
  12  12  12  13  13  13  11   9   7   6   5  
  12  12  13  13  14  13  12  10   9   7   7  
  12  13  13  14  14  13  12  11   9   7   7  
 
 Mat: 
 -7  -7  -7  -8  -8  -9 -10 -11 -11 -11 -12  
  -7  -7  -7  -7  -8  -9  -9 -10 -11 -11 -11  
  -5  -5  -6  -6  -7  -7  -8  -9  -9 -10 -10  
  -3  -3  -3  -4  -4  -5  -6  -6  -7  -7  -7  
   0   0  -1  -1  -2  -2  -3  -4  -4  -5  -5  
   2   2   1   1   0   0   0  -1  -1  -2  -2  
   5   5   4   4   3   3   2   1   1   0   0  
   7   7   7   6   6   5   5   4   3   3   3  
   9   9   9   9   8   7   7   6   5   5   5  
  11  11  10  10   9   9   8   7   7   6   6  
  11  11  11  10  10   9   8   8   7   7   7