假点1 x,y 26,56
假点2 x,y 112,132

假点3 x 112,132

假点一

oct 256 
blur0
 88.0  87.0  86.0  88.0  88.0  89.0  90.0  90.0  90.0  91.0  91.0  90.0  88.0 
 88.0  88.0  87.0  88.0  88.0  89.0  89.0  89.0  90.0  91.0  91.0  90.0  89.0 
 87.0  88.0  89.0  88.0  89.0  90.0  90.0  89.0  89.0  89.0  89.0  88.0  91.0 
 87.0  89.0  90.0  88.0  88.0  89.0  90.0  89.0  90.0  90.0  90.0  89.0  90.0 
 87.0  90.0  92.0  89.0  87.0  88.0  89.0  89.0  90.0  91.0  92.0  91.0  89.0 
 88.0  90.0  93.0  89.0  88.0  89.0  89.0  89.0  89.0  90.0  90.0  89.0  91.0 
 90.0  90.0  90.0  91.0  89.0  89.0  89.0  89.0  89.0  89.0  90.0  91.0  90.0 
 89.0  89.0  89.0  90.0  89.0  89.0  89.0  89.0  89.0  89.0  90.0  91.0  90.0 
 90.0  89.0  90.0  90.0  89.0  89.0  90.0  89.0  89.0  90.0  90.0  91.0  91.0 
 89.0  90.0  90.0  90.0  90.0  90.0  90.0  90.0  90.0  90.0  91.0  92.0  91.0 
 88.0  89.0  89.0  89.0  90.0  90.0  90.0  90.0  90.0  91.0  91.0  92.0  91.0 
 89.0  90.0  90.0  90.0  89.0  90.0  90.0  90.0  90.0  90.0  91.0  91.0  91.0 
 90.0  90.0  91.0  91.0  89.0  90.0  90.0  90.0  90.0  90.0  91.0  91.0  90.0 
blur1
 87.0  87.0  87.1  87.4  88.0  88.6  89.0  89.4  89.6  89.8  89.8  89.6  89.3 
 87.5  87.6  87.7  88.0  88.4  88.8  89.2  89.5  89.7  89.9  89.8  89.6  89.4 
 87.9  88.1  88.3  88.4  88.6  88.9  89.2  89.5  89.7  89.8  89.8  89.7  89.5 
 88.3  88.7  88.9  88.8  88.8  88.9  89.2  89.4  89.6  89.8  89.9  89.8  89.5 
 88.8  89.2  89.4  89.2  88.9  88.9  89.1  89.3  89.6  89.9  90.0  89.9  89.6 
 89.1  89.5  89.7  89.4  89.1  88.9  89.0  89.2  89.5  89.8  90.0  90.0  89.8 
 89.3  89.6  89.7  89.6  89.3  89.1  89.1  89.2  89.4  89.7  90.0  90.1  90.0 
 89.3  89.5  89.7  89.6  89.4  89.3  89.2  89.3  89.4  89.7  90.1  90.3  90.2 
 89.3  89.5  89.6  89.6  89.5  89.5  89.5  89.5  89.7  90.0  90.3  90.5  90.4 
 89.2  89.4  89.6  89.6  89.7  89.7  89.7  89.8  89.9  90.2  90.6  90.7  90.6 
 89.1  89.4  89.6  89.7  89.7  89.8  89.9  90.0  90.1  90.4  90.7  90.8  90.6 
 89.1  89.4  89.6  89.7  89.8  89.9  89.9  90.0  90.2  90.4  90.7  90.8  90.6 
 89.0  89.4  89.6  89.8  89.8  89.9  90.0  90.0  90.1  90.3  90.5  90.6  90.5 
blur2
 87.1  87.2  87.4  87.7  88.0  88.4  88.7  89.0  89.2  89.3  89.4  89.3  89.3 
 87.5  87.6  87.8  88.0  88.3  88.6  88.9  89.1  89.3  89.5  89.5  89.5  89.4 
 87.9  88.1  88.2  88.4  88.6  88.8  89.0  89.3  89.4  89.6  89.6  89.6  89.5 
 88.3  88.4  88.6  88.7  88.8  89.0  89.1  89.3  89.5  89.6  89.7  89.6  89.6 
 88.6  88.8  88.9  89.0  89.0  89.1  89.2  89.4  89.5  89.6  89.7  89.7  89.7 
 88.8  89.0  89.1  89.2  89.2  89.2  89.3  89.4  89.6  89.7  89.8  89.8  89.8 
 89.0  89.2  89.3  89.3  89.3  89.3  89.4  89.5  89.6  89.8  89.9  89.9  89.9 
 89.1  89.3  89.4  89.4  89.4  89.4  89.5  89.6  89.7  89.9  90.0  90.0  90.0 
 89.1  89.3  89.4  89.5  89.5  89.5  89.6  89.7  89.8  90.0  90.1  90.1  90.1 
 89.1  89.3  89.4  89.5  89.6  89.7  89.7  89.8  89.9  90.1  90.2  90.2  90.2 
 89.1  89.3  89.4  89.6  89.7  89.7  89.8  89.9  90.0  90.2  90.3  90.3  90.3 
 89.1  89.3  89.4  89.6  89.7  89.8  89.9  90.0  90.1  90.2  90.3  90.3  90.3 
 89.0  89.2  89.4  89.6  89.7  89.8  89.9  90.0  90.1  90.2  90.3  90.3  90.3 
blur3
 87.2  87.3  87.5  87.7  87.9  88.2  88.4  88.6  88.7  88.9  89.0  89.0  89.1 
 87.6  87.7  87.8  88.0  88.2  88.4  88.6  88.8  89.0  89.1  89.2  89.2  89.2 
 87.9  88.0  88.1  88.3  88.5  88.7  88.8  89.0  89.1  89.2  89.3  89.3  89.4 
 88.1  88.3  88.4  88.6  88.7  88.9  89.0  89.2  89.3  89.4  89.4  89.5  89.5 
 88.4  88.5  88.6  88.8  88.9  89.0  89.2  89.3  89.4  89.5  89.5  89.6  89.6 
 88.6  88.7  88.8  89.0  89.1  89.2  89.3  89.4  89.5  89.6  89.6  89.7  89.7 
 88.7  88.9  89.0  89.1  89.2  89.3  89.4  89.5  89.6  89.7  89.7  89.8  89.8 
 88.9  89.0  89.1  89.2  89.3  89.4  89.5  89.6  89.7  89.8  89.8  89.8  89.9 
 88.9  89.1  89.2  89.3  89.4  89.5  89.6  89.7  89.8  89.8  89.9  89.9  89.9 
 89.0  89.1  89.3  89.4  89.5  89.6  89.7  89.8  89.8  89.9  90.0  90.0  90.0 
 89.0  89.2  89.3  89.4  89.5  89.6  89.7  89.8  89.9  90.0  90.0  90.0  90.1 
 89.0  89.2  89.3  89.4  89.6  89.7  89.8  89.8  89.9  90.0  90.0  90.1  90.1 
 89.0  89.2  89.3  89.4  89.6  89.7  89.8  89.9  89.9  90.0  90.0  90.1  90.1 
blur4
 87.1  87.2  87.4  87.5  87.7  87.9  88.0  88.2  88.3  88.4  88.5  88.6  88.7 
 87.4  87.5  87.7  87.8  88.0  88.1  88.3  88.4  88.5  88.7  88.8  88.8  88.9 
 87.7  87.8  88.0  88.1  88.2  88.4  88.5  88.6  88.8  88.9  88.9  89.0  89.1 
 87.9  88.1  88.2  88.3  88.5  88.6  88.7  88.8  88.9  89.0  89.1  89.2  89.2 
 88.1  88.3  88.4  88.5  88.7  88.8  88.9  89.0  89.1  89.2  89.3  89.3  89.4 
 88.3  88.5  88.6  88.7  88.8  88.9  89.1  89.2  89.2  89.3  89.4  89.5  89.5 
 88.5  88.6  88.7  88.9  89.0  89.1  89.2  89.3  89.4  89.4  89.5  89.6  89.6 
 88.6  88.7  88.9  89.0  89.1  89.2  89.3  89.4  89.5  89.5  89.6  89.6  89.7 
 88.7  88.8  89.0  89.1  89.2  89.3  89.4  89.5  89.5  89.6  89.7  89.7  89.8 
 88.8  88.9  89.0  89.1  89.3  89.4  89.5  89.5  89.6  89.7  89.7  89.8  89.8 
 88.8  89.0  89.1  89.2  89.3  89.4  89.5  89.6  89.7  89.7  89.8  89.8  89.9 
 88.9  89.0  89.1  89.2  89.3  89.4  89.5  89.6  89.7  89.7  89.8  89.9  89.9 
 88.9  89.0  89.1  89.3  89.4  89.5  89.5  89.6  89.7  89.8  89.8  89.9  89.9 
dog0
  1.0   0.0  -1.1   0.6  -0.0   0.4   1.0   0.6   0.4   1.2   1.2   0.4  -1.3 
  0.5   0.4  -0.7   0.0  -0.4   0.2  -0.2  -0.5   0.3   1.1   1.2   0.4  -0.4 
 -0.9  -0.1   0.7  -0.4   0.4   1.1   0.8  -0.5  -0.7  -0.8  -0.8  -1.7   1.5 
 -1.3   0.3   1.1  -0.8  -0.8   0.1   0.8  -0.4   0.4   0.2   0.1  -0.8   0.5 
 -1.8   0.8   2.6  -0.2  -1.9  -0.9  -0.1  -0.3   0.4   1.1   2.0   1.1  -0.6 
 -1.1   0.5   3.3  -0.4  -1.1   0.1  -0.0  -0.2  -0.5   0.2  -0.0  -1.0   1.2 
  0.7   0.4   0.3   1.4  -0.3  -0.1  -0.1  -0.2  -0.4  -0.7   0.0   0.9  -0.0 
 -0.3  -0.5  -0.7   0.4  -0.4  -0.3  -0.2  -0.3  -0.4  -0.7  -0.1   0.7  -0.2 
  0.7  -0.5   0.4   0.4  -0.5  -0.5   0.5  -0.5  -0.7   0.0  -0.3   0.5   0.6 
 -0.2   0.6   0.4   0.4   0.3   0.3   0.3   0.2   0.1  -0.2   0.4   1.3   0.4 
 -1.1  -0.4  -0.6  -0.7   0.3   0.2   0.1   0.0  -0.1   0.6   0.3   1.2   0.4 
 -0.1   0.6   0.4   0.3  -0.8   0.1   0.1  -0.0  -0.2  -0.4   0.3   0.2   0.4 
  1.0   0.6   1.4   1.2  -0.8   0.1   0.0  -0.0  -0.1  -0.3   0.5   0.4  -0.5 
dog1
 -0.1  -0.2  -0.3  -0.2   0.0   0.2   0.4   0.4   0.4   0.5   0.4   0.3   0.1 
 -0.0  -0.1  -0.1  -0.1   0.1   0.2   0.3   0.3   0.4   0.4   0.3   0.2   0.0 
 -0.0   0.0   0.1   0.0   0.0   0.1   0.2   0.2   0.2   0.3   0.2   0.1  -0.0 
  0.0   0.2   0.3   0.1  -0.1  -0.1   0.0   0.1   0.1   0.2   0.2   0.1  -0.0 
  0.2   0.4   0.5   0.2  -0.1  -0.2  -0.2  -0.1   0.1   0.2   0.3   0.2  -0.0 
  0.3   0.5   0.6   0.3  -0.1  -0.3  -0.3  -0.2  -0.1   0.1   0.2   0.2   0.1 
  0.3   0.4   0.5   0.3  -0.0  -0.2  -0.3  -0.3  -0.2  -0.1   0.1   0.2   0.1 
  0.2   0.3   0.3   0.2  -0.0  -0.2  -0.2  -0.3  -0.3  -0.1   0.1   0.3   0.2 
  0.2   0.2   0.2   0.1   0.0  -0.1  -0.1  -0.2  -0.2  -0.0   0.2   0.4   0.3 
  0.0   0.1   0.1   0.1   0.1   0.0  -0.0  -0.0  -0.0   0.1   0.4   0.5   0.3 
 -0.0   0.1   0.1   0.1   0.1   0.1   0.1   0.0   0.1   0.2   0.4   0.5   0.4 
 -0.0   0.1   0.2   0.1   0.1   0.1   0.0   0.0   0.1   0.2   0.4   0.4   0.3 
 -0.0   0.1   0.2   0.2   0.1   0.1   0.0   0.0   0.0   0.1   0.3   0.3   0.2 
dog2
 -0.1  -0.1  -0.1  -0.0   0.1   0.2   0.3   0.4   0.4   0.4   0.4   0.3   0.2 
 -0.0  -0.0  -0.0   0.0   0.1   0.2   0.3   0.3   0.4   0.4   0.3   0.3   0.2 
  0.1   0.1   0.1   0.1   0.1   0.1   0.2   0.3   0.3   0.3   0.3   0.2   0.1 
  0.1   0.2   0.2   0.1   0.1   0.1   0.1   0.2   0.2   0.2   0.2   0.2   0.1 
  0.2   0.2   0.2   0.2   0.1   0.1   0.0   0.1   0.1   0.2   0.2   0.1   0.1 
  0.3   0.3   0.3   0.2   0.1   0.0  -0.0  -0.0   0.0   0.1   0.1   0.1   0.1 
  0.3   0.3   0.3   0.2   0.1   0.0  -0.1  -0.0   0.0   0.1   0.1   0.1   0.1 
  0.2   0.3   0.3   0.2   0.1   0.0  -0.0  -0.0   0.0   0.1   0.2   0.2   0.1 
  0.2   0.2   0.2   0.2   0.1   0.0  -0.0  -0.0   0.0   0.1   0.2   0.2   0.2 
  0.1   0.2   0.2   0.2   0.1   0.1   0.0   0.1   0.1   0.2   0.2   0.3   0.2 
  0.1   0.1   0.1   0.2   0.1   0.1   0.1   0.1   0.2   0.2   0.3   0.3   0.2 
  0.0   0.1   0.1   0.1   0.1   0.1   0.1   0.1   0.2   0.2   0.3   0.3   0.2 
  0.0   0.1   0.1   0.1   0.2   0.2   0.2   0.2   0.2   0.2   0.2   0.2   0.2 
dog3
  0.1   0.1   0.1   0.2   0.2   0.3   0.4   0.4   0.4   0.5   0.4   0.4   0.3 
  0.1   0.1   0.2   0.2   0.2   0.3   0.3   0.4   0.4   0.4   0.4   0.4   0.3 
  0.2   0.2   0.2   0.2   0.3   0.3   0.3   0.4   0.4   0.4   0.4   0.3   0.3 
  0.2   0.2   0.2   0.2   0.3   0.3   0.3   0.3   0.3   0.3   0.3   0.3   0.2 
  0.2   0.2   0.2   0.2   0.3   0.3   0.3   0.3   0.3   0.3   0.3   0.2   0.2 
  0.3   0.3   0.3   0.3   0.2   0.2   0.2   0.3   0.3   0.3   0.2   0.2   0.2 
  0.3   0.3   0.3   0.3   0.2   0.2   0.2   0.2   0.2   0.2   0.2   0.2   0.2 
  0.3   0.3   0.3   0.2   0.2   0.2   0.2   0.2   0.2   0.2   0.2   0.2   0.2 
  0.2   0.2   0.2   0.2   0.2   0.2   0.2   0.2   0.2   0.2   0.2   0.2   0.2 
  0.2   0.2   0.2   0.2   0.2   0.2   0.2   0.2   0.2   0.2   0.2   0.2   0.2 
  0.2   0.2   0.2   0.2   0.2   0.2   0.2   0.2   0.2   0.2   0.2   0.2   0.2 
  0.2   0.2   0.2   0.2   0.2   0.2   0.2   0.2   0.2   0.2   0.2   0.2   0.2 
  0.1   0.2   0.2   0.2   0.2   0.2   0.2   0.2   0.2   0.2   0.2   0.2   0.2 


 假点2 ＝＝＝＝＝＝＝＝＝＝＝＝＝＝＝＝＝＝＝＝＝＝＝＝＝＝＝＝＝
 ＝＝＝＝＝＝＝＝＝＝＝＝＝＝＝＝＝＝＝＝＝＝＝＝＝＝＝＝＝＝＝＝＝

 oct 256 
blur0
140.0 170.0 170.0 161.0 170.0 165.0 163.0 163.0 151.0 146.0 145.0 147.0 144.0 
139.0 147.0 168.0 170.0 165.0 173.0 172.0 171.0 160.0 147.0 146.0 148.0 145.0 
135.0 142.0 155.0 162.0 169.0 172.0 172.0 172.0 167.0 151.0 147.0 148.0 151.0 
132.0 144.0 152.0 166.0 175.0 172.0 168.0 172.0 169.0 159.0 148.0 148.0 149.0 
138.0  95.0 136.0 171.0 174.0 175.0 171.0 174.0 170.0 166.0 151.0 145.0 140.0 
139.0  42.0 111.0 166.0 177.0 175.0 177.0 175.0 170.0 168.0 158.0 146.0 136.0 
115.0   1.0  93.0 149.0 167.0 181.0 179.0 175.0 172.0 170.0 166.0 150.0 141.0 
 69.0   1.0 117.0 149.0 145.0 169.0 176.0 175.0 176.0 170.0 166.0 146.0 139.0 
 11.0  19.0 121.0 151.0 149.0 151.0 172.0 176.0 176.0 171.0 164.0 145.0 133.0 
 28.0  26.0  74.0 131.0 150.0 145.0 169.0 176.0 173.0 174.0 166.0 153.0 136.0 
 27.0  33.0  10.0  93.0 146.0 146.0 154.0 180.0 173.0 173.0 167.0 146.0 143.0 
 27.0  30.0   7.0  67.0 146.0 148.0 149.0 177.0 173.0 170.0 166.0 150.0 147.0 
 25.0  30.0  25.0  49.0 133.0 142.0 148.0 177.0 177.0 168.0 164.0 153.0 150.0 
blur1
144.8 153.7 160.8 164.3 164.8 163.6 161.1 157.4 152.8 149.0 146.7 145.0 141.6 
142.8 150.6 158.1 163.5 166.2 166.9 165.7 162.4 157.5 152.4 148.7 146.0 142.9 
139.1 145.2 153.5 161.4 166.7 169.0 168.8 166.2 161.5 155.7 150.9 147.4 144.4 
133.1 137.0 146.2 157.6 166.2 170.2 170.7 168.7 164.5 158.7 152.9 148.3 144.8 
123.2 124.5 135.2 151.4 164.2 170.5 172.0 170.6 167.0 161.4 154.9 148.9 144.4 
108.0 108.2 121.6 143.0 160.4 169.5 172.5 172.0 169.0 163.8 156.9 149.7 144.0 
 88.1  90.8 108.6 134.3 155.0 166.6 171.6 172.5 170.5 165.7 158.6 150.6 144.2 
 66.4  74.9  97.8 126.5 148.7 162.0 169.1 171.9 171.1 166.8 159.6 151.2 144.5 
 48.2  61.5  87.6 117.8 141.4 156.3 165.6 170.5 171.0 167.4 160.2 151.7 145.1 
 36.9  50.5  75.6 106.1 132.3 150.2 161.8 168.6 170.5 167.6 160.8 152.6 146.5 
 31.6  41.8  63.2  93.2 122.6 144.2 158.2 166.7 169.8 167.5 161.3 153.8 148.4 
 29.5  36.4  53.9  82.7 114.3 139.0 155.0 164.9 168.9 167.2 161.5 154.8 150.0 
 29.4  34.6  49.5  76.7 108.8 135.0 152.3 163.1 168.0 166.7 161.4 155.1 150.4 
blur2
139.5 144.8 149.8 153.9 156.6 157.6 157.0 155.3 152.9 150.1 147.2 144.1 140.9 
139.3 144.9 150.4 155.3 158.7 160.4 160.3 158.7 156.0 152.8 149.4 146.0 142.7 
135.9 141.8 148.1 154.0 158.7 161.6 162.4 161.3 158.7 155.3 151.5 147.7 144.2 
129.4 135.8 143.1 150.5 157.0 161.5 163.5 163.1 160.9 157.3 153.3 149.1 145.4 
119.9 127.2 135.9 145.2 153.7 160.1 163.6 164.2 162.4 159.0 154.8 150.4 146.4 
108.0 116.4 126.8 138.3 149.1 157.5 162.7 164.5 163.4 160.3 156.0 151.4 147.3 
 94.5 104.2 116.5 130.2 143.4 153.9 160.9 164.0 163.8 161.1 157.0 152.4 148.3 
 80.7  91.6 105.7 121.5 136.9 149.5 158.2 162.8 163.6 161.5 157.7 153.3 149.3 
 68.2  79.9  95.3 112.8 130.0 144.5 155.0 161.0 162.9 161.6 158.2 154.1 150.5 
 58.1  70.0  86.1 104.7 123.2 139.3 151.4 158.8 161.9 161.4 158.6 154.9 151.6 
 51.3  62.9  78.9  97.9 117.2 134.5 147.9 156.5 160.6 160.9 158.7 155.4 152.3 
 48.6  59.5  74.9  93.5 113.0 130.8 145.0 154.5 159.3 160.3 158.5 155.4 152.3 
 51.2  61.0  75.2  92.8 111.6 129.0 143.2 152.9 158.2 159.5 158.0 155.0 151.6 
blur3
127.8 131.9 135.9 139.5 142.6 144.9 146.2 146.6 146.2 144.9 143.1 141.1 139.0 
128.0 132.8 137.5 141.7 145.2 147.9 149.5 150.0 149.6 148.2 146.4 144.1 141.9 
125.8 131.4 136.8 141.8 146.0 149.3 151.3 152.2 151.9 150.7 148.8 146.5 144.2 
121.7 127.9 134.1 139.9 145.0 149.1 151.9 153.3 153.4 152.4 150.6 148.4 146.1 
115.7 122.6 129.6 136.5 142.6 147.7 151.3 153.5 154.1 153.5 151.9 149.8 147.6 
108.6 116.1 124.0 131.8 139.1 145.2 149.9 152.9 154.2 154.0 152.8 150.9 148.9 
100.9 108.9 117.5 126.4 134.8 142.1 147.8 151.7 153.7 154.1 153.3 151.8 149.9 
 93.3 101.7 111.0 120.8 130.2 138.5 145.3 150.1 152.9 153.9 153.6 152.3 150.7 
 86.7  95.2 105.1 115.5 125.8 135.0 142.7 148.3 151.9 153.5 153.6 152.6 151.2 
 81.8  90.3 100.4 111.3 122.1 132.0 140.4 146.7 150.8 152.9 153.3 152.7 151.4 
 79.5  87.8  97.7 108.7 119.7 129.9 138.6 145.3 149.8 152.3 153.0 152.4 151.2 
 80.3  88.1  97.7 108.3 119.1 129.2 137.9 144.7 149.2 151.7 152.5 152.0 150.7 
 84.8  91.8 100.6 110.5 120.7 130.2 138.4 144.8 149.1 151.4 152.0 151.3 149.9 
blur4
118.2 120.5 122.9 125.4 127.7 129.8 131.5 132.8 133.8 134.3 134.6 134.6 134.6 
118.4 121.1 124.1 127.0 129.7 132.2 134.2 135.8 136.9 137.5 137.8 137.8 137.7 
117.7 120.9 124.3 127.7 130.9 133.7 136.1 137.9 139.2 140.0 140.4 140.4 140.2 
116.4 120.0 123.8 127.5 131.1 134.4 137.1 139.3 140.9 141.9 142.4 142.5 142.3 
114.5 118.4 122.5 126.7 130.7 134.4 137.5 140.0 141.9 143.1 143.8 144.0 143.9 
112.3 116.4 120.9 125.4 129.8 133.9 137.4 140.2 142.4 143.9 144.7 145.1 145.0 
110.1 114.4 119.1 123.9 128.7 133.0 136.9 140.1 142.5 144.3 145.3 145.8 145.8 
108.2 112.6 117.4 122.5 127.5 132.1 136.3 139.7 142.4 144.4 145.6 146.2 146.4 
107.0 111.3 116.2 121.4 126.5 131.4 135.7 139.4 142.3 144.4 145.7 146.5 146.6 
106.7 110.9 115.8 120.9 126.1 131.0 135.4 139.2 142.2 144.4 145.8 146.5 146.7 
107.5 111.6 116.3 121.3 126.4 131.2 135.6 139.3 142.3 144.4 145.8 146.6 146.7 
109.6 113.4 117.9 122.6 127.5 132.1 136.3 139.8 142.7 144.7 146.0 146.6 146.7 
113.0 116.5 120.6 125.0 129.5 133.8 137.6 140.9 143.4 145.2 146.3 146.7 146.6 
dog0
 -4.8  16.3   9.2  -3.3   5.2   1.4   1.9   5.6  -1.8  -3.0  -1.7   2.0   2.4 
 -3.8  -3.6   9.9   6.5  -1.2   6.1   6.3   8.6   2.5  -5.4  -2.7   2.0   2.1 
 -4.1  -3.2   1.5   0.6   2.3   3.0   3.2   5.8   5.5  -4.7  -3.9   0.6   6.6 
 -1.1   7.0   5.8   8.4   8.8   1.8  -2.7   3.3   4.5   0.3  -4.9  -0.3   4.2 
 14.8 -29.5   0.8  19.6   9.8   4.5  -1.0   3.4   3.0   4.6  -3.9  -3.9  -4.4 
 31.0 -66.2 -10.6  23.0  16.6   5.5   4.5   3.0   1.0   4.2   1.1  -3.7  -8.0 
 26.9 -89.8 -15.6  14.7  12.0  14.4   7.4   2.5   1.5   4.3   7.4  -0.6  -3.2 
  2.6 -73.9  19.2  22.5  -3.7   7.0   6.9   3.1   4.9   3.2   6.4  -5.2  -5.5 
-37.2 -42.5  33.4  33.2   7.6  -5.3   6.4   5.5   5.0   3.6   3.8  -6.7 -12.1 
 -8.9 -24.5  -1.6  24.9  17.7  -5.2   7.2   7.4   2.5   6.4   5.2   0.4 -10.5 
 -4.6  -8.8 -53.2  -0.2  23.4   1.8  -4.2  13.3   3.2   5.5   5.7  -7.8  -5.4 
 -2.5  -6.4 -46.9 -15.7  31.7   9.0  -6.0  12.1   4.1   2.8   4.5  -4.8  -3.0 
 -4.4  -4.6 -24.5 -27.7  24.2   7.0  -4.3  13.9   9.0   1.3   2.6  -2.1  -0.4 
dog1
  5.3   8.9  11.0  10.4   8.2   6.0   4.1   2.1  -0.1  -1.1  -0.4   0.9   0.7 
  3.5   5.6   7.7   8.2   7.5   6.5   5.4   3.8   1.5  -0.4  -0.8  -0.0   0.1 
  3.2   3.4   5.4   7.4   8.0   7.4   6.4   4.9   2.7   0.5  -0.6  -0.3   0.1 
  3.8   1.2   3.1   7.1   9.2   8.7   7.2   5.6   3.6   1.4  -0.3  -0.8  -0.6 
  3.3  -2.7  -0.6   6.2  10.5  10.4   8.4   6.4   4.5   2.4   0.1  -1.4  -2.0 
  0.1  -8.2  -5.2   4.7  11.3  12.0   9.8   7.5   5.6   3.5   0.9  -1.7  -3.3 
 -6.4 -13.3  -7.9   4.1  11.6  12.7  10.8   8.5   6.7   4.6   1.6  -1.8  -4.1 
-14.3 -16.7  -7.9   4.9  11.9  12.5  10.9   9.2   7.5   5.3   1.9  -2.1  -4.9 
-20.0 -18.4  -7.7   4.9  11.4  11.8  10.6   9.5   8.1   5.8   2.0  -2.5  -5.4 
-21.1 -19.6 -10.5   1.5   9.1  10.9  10.4   9.8   8.7   6.2   2.2  -2.3  -5.1 
-19.7 -21.1 -15.8  -4.7   5.4   9.7  10.3  10.1   9.1   6.6   2.6  -1.6  -3.8 
-19.2 -23.0 -21.0 -10.8   1.3   8.2  10.1  10.4   9.6   6.9   3.0  -0.7  -2.4 
-21.8 -26.4 -25.7 -16.2  -2.8   5.9   9.1  10.2   9.7   7.2   3.4   0.1  -1.2 
dog2
 11.6  12.8  13.9  14.4  14.0  12.8  10.8   8.7   6.7   5.2   4.0   3.0   1.9 
 11.3  12.1  13.0  13.6  13.5  12.5  10.8   8.6   6.5   4.6   3.1   1.9   0.8 
 10.0  10.4  11.3  12.2  12.7  12.4  11.1   9.1   6.8   4.6   2.7   1.1  -0.0 
  7.7   8.0   9.0  10.6  12.0  12.4  11.6   9.8   7.5   5.0   2.6   0.7  -0.7 
  4.2   4.6   6.2   8.7  11.1  12.4  12.3  10.8   8.4   5.6   2.8   0.5  -1.2 
 -0.6   0.3   2.8   6.5  10.0  12.3  12.8  11.6   9.3   6.3   3.2   0.5  -1.5 
 -6.4  -4.7  -1.1   3.8   8.6  11.9  13.1  12.3  10.1   7.0   3.6   0.6  -1.6 
-12.6 -10.0  -5.3   0.8   6.7  11.0  13.0  12.7  10.7   7.6   4.1   1.0  -1.3 
-18.5 -15.3  -9.7  -2.7   4.2   9.5  12.3  12.6  11.0   8.1   4.7   1.5  -0.7 
-23.8 -20.3 -14.3  -6.6   1.1   7.3  11.0  12.1  11.1   8.5   5.2   2.2   0.2 
-28.2 -24.8 -18.8 -10.8  -2.5   4.6   9.2  11.2  10.8   8.7   5.7   2.9   1.0 
-31.7 -28.6 -22.8 -14.8  -6.1   1.6   7.0   9.8  10.1   8.6   6.0   3.4   1.6 
-33.6 -30.8 -25.4 -17.7  -9.1  -1.2   4.7   8.1   9.1   8.1   6.0   3.6   1.7 
dog3
  9.6  11.5  13.0  14.2  14.9  15.1  14.7  13.8  12.4  10.6   8.5   6.4   4.4 
  9.6  11.7  13.4  14.7  15.5  15.7  15.3  14.3  12.7  10.7   8.5   6.3   4.3 
  8.1  10.4  12.5  14.1  15.2  15.6  15.3  14.3  12.7  10.7   8.4   6.1   4.0 
  5.3   7.9  10.3  12.4  13.9  14.7  14.8  14.0  12.5  10.5   8.2   5.9   3.8 
  1.3   4.2   7.1   9.7  11.9  13.3  13.8  13.4  12.2  10.3   8.1   5.8   3.8 
 -3.6  -0.3   3.1   6.4   9.2  11.4  12.5  12.6  11.8  10.1   8.1   5.9   3.8 
 -9.2  -5.5  -1.5   2.5   6.1   9.0  10.9  11.6  11.2   9.9   8.0   6.0   4.0 
-14.9 -10.9  -6.4  -1.7   2.7   6.4   9.0  10.4  10.5   9.6   8.0   6.1   4.3 
-20.3 -16.1 -11.2  -5.9  -0.8   3.6   7.0   9.0   9.6   9.1   7.8   6.2   4.5 
-24.8 -20.6 -15.4  -9.7  -4.0   1.0   4.9   7.5   8.6   8.5   7.6   6.1   4.6 
-28.0 -23.8 -18.6 -12.7  -6.7  -1.3   3.1   6.0   7.6   7.8   7.1   5.9   4.5 
-29.3 -25.3 -20.2 -14.4  -8.4  -2.9   1.6   4.8   6.6   7.0   6.5   5.4   4.0 
-28.2 -24.7 -19.9 -14.5  -8.8  -3.6   0.8   3.9   5.7   6.2   5.8   4.6   3.3 





